2.700186488875684632e-02 3.161312612661654198e-02 3.701187853560056890e-02 4.333260643845927851e-02 5.073276080662287441e-02 5.939668140473674390e-02 6.954018874200997014e-02 8.141596021707572794e-02 9.531982437752682669e-02 1.115981300857634417e-01 1.306563741589859551e-01 1.529693024000829127e-01 1.790927356387127523e-01 2.096774153723306722e-01 2.454852139056694083e-01 2.874081127874520969e-01 3.364904223021192853e-01 3.939547955098707810e-01 4.612326848515078126e-01 5.400000000000000355e-01
9.389342737990333809e-01 8.086284107207671878e-01 7.221062067474051105e-01 8.604906022728541215e-01 7.601836443254075260e-01 6.148676196799547355e-01 9.208063970788573638e-01 5.470873073670705633e-01 7.034182216851740943e-01 7.426452766758733226e-01 3.849771151350788179e-01 1.377434717511211160e-01 1.278925944587639973e-01 7.088017144224234567e-02 4.787609044961060878e-02 1.382238951875613964e-02 1.844112219137594710e-02 5.248140644646626107e-03 2.764595559841986905e-03 2.750459070024358077e-03
8.473444874359028489e-01 7.163696718571839206e-01 8.346562225011388003e-01 8.166770201515823890e-01 5.573254592089776915e-01 9.705900793563800866e-01 6.433509604302294349e-01 6.002826055501100377e-01 8.091565097152685349e-01 4.056272044233139029e-01 4.912295436914985158e-01 2.133102406785623018e-01 1.163136212889097632e-01 3.165729760288138461e-02 2.292877078922039846e-02 2.779429485369011577e-02 1.375364200026985007e-02 5.539793135228232579e-03 1.985810823241229706e-03 1.053002591692719925e-03
7.301151551277523799e-01 7.973413873963546283e-01 8.525732784725847946e-01 5.859340878756867932e-01 9.398910781792942926e-01 5.443331697325419771e-01 4.313999457548064465e-01 9.345775325786827015e-01 3.786934038381407630e-01 8.302937031688193414e-01 2.136858118981586063e-01 6.859621027188389508e-02 5.928943423393584489e-02 2.037127556262952055e-02 2.692165095438237010e-02 8.701199807598869462e-03 4.542838359086531774e-03 2.098536623873048512e-03 1.133473378286620203e-03 9.136854076604583597e-04
7.581640278094525787e-01 8.682985329801362617e-01 6.593587663122421061e-01 8.118692602067300035e-01 6.746305570352542080e-01 3.090541782960085637e-01 9.886072538187989922e-01 3.748238226458590061e-01 8.148421341264175943e-01 7.708122841342768261e-02 1.487193486284181798e-01 5.842861138206700833e-02 4.822829062058431315e-02 1.318278473006051499e-02 6.837123410081358266e-03 4.645390824552619868e-03 2.327782280685308791e-03 1.376229629639236229e-03 9.009777619046754893e-04 5.664404103498110743e-04
8.650408773354683056e-01 7.372447126823177266e-01 6.544514626470003815e-01 8.817956804961482042e-01 4.728965574846731856e-01 7.771623570105005152e-01 6.518579594217697171e-01 4.171197222540107274e-01 1.944402252124709518e-01 2.876728203284487639e-01 5.212029218407165931e-02 2.583310465866395234e-02 1.691160668954116986e-02 1.051246444240849787e-02 5.899922644708510688e-03 2.954372553241491062e-03 1.506486557011355032e-03 8.425379676735289536e-04 4.633628144262713633e-04 3.928643599095948957e-04
7.999375252305334083e-01 5.654552367888481257e-01 9.630240644716906440e-01 6.449438394811244368e-01 6.281848769450624204e-01 8.340033349274542651e-01 4.002909593216892326e-01 2.808621174048071545e-01 9.926317119522909405e-02 1.744725603532140124e-01 5.758637124734788948e-02 1.589684615739717088e-02 1.207372672025330829e-02 6.364085142199993328e-03 3.261726330234471227e-03 2.095915197151243525e-03 1.088401245569636799e-03 5.393195667253714021e-04 6.714126757313421123e-04 2.279852564636142276e-04
5.691782915255383379e-01 9.602976365952019533e-01 5.717359202802572149e-01 5.010414374523283199e-01 8.643856162170833191e-01 4.345720231310151727e-01 7.723926061308136193e-01 3.454871456060357726e-01 5.402526277063268711e-02 3.435344701028608672e-02 1.710198280994923437e-02 1.196985350738444254e-02 7.119501231081071246e-03 3.610502450204999825e-03 1.942250583942928266e-03 1.049697133902793844e-03 6.802063582270756470e-04 3.548943925884007200e-04 3.752126018417012432e-04 1.275283119256398479e-04
8.630521887485183008e-01 6.043423656939115318e-01 3.118352832470457914e-01 9.960389957478440470e-01 3.138078105034137755e-01 8.995516366800837549e-01 1.045134049731181181e-01 9.666308175787419188e-02 9.228538542372666242e-02 4.380999077680358678e-02 1.375564271012708062e-02 8.409997956337234015e-03 4.239199757322453799e-03 2.645312568259172714e-03 1.264912119143035696e-03 1.103895523464126782e-03 4.104655980449178898e-04 4.370510630252733009e-04 1.174497036013910645e-04 6.587089791543210282e-05
8.272024223111514862e-01 3.977018266813684422e-01 8.696847372426914635e-01 5.618375554850942866e-01 5.141612692065647972e-01 1.860755236836807436e-01 3.309543865983104460e-01 5.284109520521229619e-02 2.634003148517916060e-02 1.469926974260127306e-02 8.509475061529991891e-03 6.011310345138243250e-03 2.411092762266475731e-03 1.545766107874158024e-03 7.892917751981531893e-04 1.058949532518060899e-03 2.931463787787524922e-04 1.498058396048884688e-04 7.888586588067347805e-05 9.236925212496860382e-05
6.119966106949658036e-01 6.601667790387899526e-01 8.242916708748512233e-01 3.924410920212226817e-01 1.301627506191305184e-01 5.215962798926998545e-02 1.461004237726964972e-01 6.979444325172368124e-02 2.105699065859745200e-02 1.024274826210602729e-02 1.095748896006143447e-02 6.561150289058348406e-03 3.723053753458716031e-03 9.996502104371307595e-04 6.520983773297128749e-04 4.583914544191713958e-04 2.441587123684918481e-04 1.086349913238526810e-04 7.106704482173764603e-05 4.044758929522274116e-05
5.577303691418845633e-01 8.098010326364004641e-01 4.342491772309301501e-01 6.553416577048976066e-01 3.556739824996473232e-01 6.179895758456976917e-02 3.688224177144927562e-02 2.688396087381739186e-02 1.141765814221573638e-02 6.229557336996482952e-03 4.589697783534907316e-03 2.572063737445784426e-03 1.209336694908524912e-03 8.216086930200594551e-04 3.723510365922777510e-04 3.022684291559274428e-04 2.083064469344808600e-04 7.794419598672330807e-05 7.462112251332975177e-05 4.345038636155429401e-05
9.830155292220780217e-01 3.071541207835236653e-01 8.896973179029231682e-01 1.278423136585844500e-01 7.726883897801439804e-02 9.313226074198110993e-02 2.109244656890896241e-02 1.807340759397935148e-02 8.113534384769582886e-03 3.970013225743640461e-03 5.382173224359632080e-03 1.382721136551023910e-03 7.241654662476504356e-04 4.156985338136243158e-04 2.456739103915417388e-04 1.620207586703337199e-04 9.203043795757981371e-05 7.237420214301071297e-05 4.737467165494280152e-05 3.165400477744828578e-05
4.693636875658301344e-01 6.651714531869032943e-01 1.157902771489985883e-01 2.419621674242460330e-01 4.531090547994076623e-02 2.382381964518465178e-02 2.813209668703053890e-02 1.117546710146632982e-02 4.366210778195656061e-03 3.923514036310304931e-03 1.471093991305738591e-03 9.808531031196832117e-04 5.083078439962473993e-04 3.227967000065667946e-04 1.909704621939622982e-04 1.263694620379229860e-04 1.021878951671384428e-04 6.232952701845650978e-05 4.518155626198616659e-05 3.764290991081775672e-05
3.918931990888392392e-01 1.336956749017952362e-01 1.130018563661838726e-01 7.637175919518235379e-02 5.120693759235150910e-02 1.453797523681565895e-02 1.735460281182266140e-02 6.138810429279550895e-03 3.287583201893817808e-03 2.247831097498376174e-03 1.066207095466231713e-03 5.979808292494448452e-04 3.981595567733586805e-04 2.938588115625195840e-04 1.797176229670904846e-04 1.156276231043529279e-04 1.020377031151209479e-04 6.570705226627282514e-05 5.309700466060718327e-05 4.590677746452165309e-05
5.105022964874259550e-01 2.339573904005980420e-01 1.104711385100465293e-01 3.260532013672878815e-02 2.547083653041459783e-02 2.763067107594785465e-02 1.485624920898453993e-02 4.862269087044568394e-03 2.168374044150711555e-03 1.728572611973011597e-03 7.407440963472788908e-04 5.396527801754258391e-04 3.137506327534067552e-04 2.286938838532703855e-04 1.959225576938505853e-04 1.298987407449825326e-04 9.978375387742488556e-05 7.890664490195486991e-05 7.138307269616284145e-05 6.404766518897098138e-05
1.973759822154128596e-01 7.123773685104595188e-02 6.450782042780989212e-02 2.172324574964579202e-02 2.983728735061474957e-02 8.459870587276818732e-03 6.042796643924264188e-03 2.645686341579023271e-03 1.662430401165426730e-03 1.664273682113859287e-03 6.255285993235215614e-04 4.021831941904974173e-04 2.819653525031329266e-04 2.172265151387797744e-04 1.663190425295058006e-04 1.380687723682161305e-04 1.234433591770223160e-04 1.080057020427238612e-04 9.990254522018737759e-05 9.359090743932263479e-05
1.495654727276959362e-01 5.593164515476278797e-02 4.699156431215345542e-02 1.558118111201478584e-02 8.594260260366692883e-03 6.348524510177866453e-03 3.237171149615636345e-03 1.792383833594257680e-03 1.203726526957771270e-03 7.598146940760441836e-04 6.490059815255078135e-04 3.897003242496754893e-04 3.606356541610011845e-04 2.439452724180002363e-04 2.052103280744121960e-04 1.812712755416834298e-04 1.654165350435388149e-04 1.546425971097331598e-04 1.478964272033644889e-04 1.415348495863444356e-04
5.373116038497849356e-02 2.846720657352985739e-02 1.924634853844964244e-02 1.373255740023482385e-02 6.462320193991955009e-03 4.598099038646941139e-03 2.455461688776305884e-03 1.639164110882052050e-03 9.873700906163351831e-04 7.172863126261308508e-04 6.732409873795308641e-04 4.147638680237486497e-04 3.510459532641840852e-04 3.032189726229761462e-04 2.729724928413057583e-04 2.522530658112254187e-04 2.377137373140714161e-04 2.285333172584724792e-04 2.206629503388457536e-04 2.154349910512554089e-04
5.715875903866973751e-02 1.774705620954775132e-02 1.585514372168028707e-02 7.839641319865697788e-03 4.660742009160445676e-03 3.737830505628481070e-03 2.524191327753722014e-03 1.599691220517507340e-03 1.053661380469583797e-03 7.282062506109854283e-04 5.970255929120815708e-04 4.936760602891610006e-04 4.388183743553319971e-04 4.034805746991887432e-04 3.729176229653186070e-04 3.513632670254507318e-04 3.400730764550052854e-04 3.287332172898782545e-04 3.243062272799690504e-04 3.197984793206209986e-04
2.019605706771931963e-02 1.443178520685572952e-02 1.020879703759824952e-02 5.189277308742967776e-03 3.255436971021707926e-03 2.283039591448488004e-03 1.578139811567180750e-03 1.159646676942127641e-03 9.055849078011268816e-04 7.239407759596083736e-04 6.655712470451380369e-04 5.500434700390632869e-04 5.149142350285851322e-04 4.718617312003958730e-04 4.488664450047474830e-04 4.346350783410724006e-04 4.216874092245470607e-04 4.162818604135365419e-04 4.073660943145762658e-04 4.041071481437619184e-04
