2.700186488875684280e-08 3.161312612661654336e-08 3.701187853560056661e-08 4.333260643845928140e-08 5.073276080662286947e-08 5.939668140473674070e-08 6.954018874200996048e-08 8.141596021707571750e-08 9.531982437752682575e-08 1.115981300857634354e-07 1.306563741589859490e-07 1.529693024000829185e-07 1.790927356387127304e-07 2.096774153723306717e-07 2.454852139056693946e-07 2.874081127874521049e-07 3.364904223021193010e-07 3.939547955098707220e-07 4.612326848515078257e-07 5.400000000000000179e-07
4.999999781443049685e-01 4.999999781443049685e-01 4.999999781443049685e-01 3.924152192743135537e-01 2.774530639683921995e-01 1.870562303702998364e-01 1.453744479423745295e-01 1.824352432379772182e-03 3.506074319759022728e-09 5.315867745991909032e-10 6.284928133482026169e-11 2.876388016659348068e-11 1.500324309233747044e-10 1.291093898458939293e-10 5.299005678693902155e-11 6.433298338492932089e-11 4.010154430744705678e-10 3.904295331480511777e-09 1.026992231256684818e-07 8.404022211472295112e-08
4.999999781443049685e-01 4.999999781443049685e-01 4.999999781446385905e-01 3.083897095258362198e-01 1.940883953084650004e-01 1.624303184749157358e-01 1.682266526622300251e-02 2.066362414510081180e-09 2.169583845912370634e-09 7.758693687520690219e-10 5.259659374701186607e-11 5.422520210629500070e-10 8.526246375595292193e-11 1.598958743187495202e-10 5.277556169858144131e-11 3.332289999491422350e-11 9.809619783140988147e-11 1.227003942894100419e-08 1.474977118220976990e-08 1.113122927165477449e-10
4.999999781443049685e-01 4.999999781443049685e-01 3.365842230858800965e-01 2.094868798581368541e-01 1.732351880984849268e-01 5.846680827709438422e-02 6.030985466587424071e-08 2.940442334065096475e-09 7.867373419401246792e-11 2.181346214769064318e-09 2.121303133151286602e-11 2.586331149245779670e-11 2.899813722478938871e-11 7.744005436904899398e-11 3.641522638986316451e-10 1.505235935894688737e-10 8.335849788210225597e-10 1.064925925220450154e-12 1.845729735716616915e-08 9.466405437308367254e-11
4.999999781443049685e-01 4.999999781443144053e-01 2.343687632345964333e-01 1.801461128953372182e-01 1.042816712990947137e-01 1.229284452008982953e-09 4.421337762572363772e-08 9.040633575096990171e-09 3.682161242579695681e-10 1.251495795884238760e-09 5.003375491696715471e-11 5.136351344248168971e-10 4.360076744092111767e-10 2.936801912767350586e-10 2.672972954087526887e-11 4.469227210535109407e-10 1.658339465748781549e-09 1.060169174671443670e-08 4.266164932431593115e-08 7.942757562773294921e-12
3.825216964562321298e-01 2.647412004114061412e-01 1.846672776196012222e-01 1.360434583642190498e-01 2.867731971707421224e-04 6.620881620733598538e-10 4.043771317796540643e-09 8.688698649450543599e-09 4.813548892812491431e-09 1.183723563613625629e-09 4.781290918742797658e-10 2.815565558478283492e-10 1.380668912531746173e-10 4.540015030585209388e-10 8.962741659956918738e-11 7.143585722957368489e-10 1.391112336435185171e-09 9.713777782138777184e-09 3.783917623678689779e-10 5.807687664116656379e-11
2.954792308428669800e-01 1.896992029189102924e-01 1.559972915326294229e-01 8.056752144432799412e-03 1.319060860538456836e-09 2.608167237738712174e-09 3.474802667824405944e-10 6.187184320438632312e-09 1.221456491506955899e-09 7.131148338501702710e-09 5.085509791058484552e-11 6.766516236211828073e-10 7.090517062380286006e-10 1.490802592485351852e-09 1.752263445453650093e-09 4.493230676416715141e-09 4.434761446958646047e-10 7.474014740438406079e-09 2.785092156898372195e-10 2.873079552045965102e-11
2.028450715744206656e-01 1.685533896455515546e-01 4.033642377758595021e-02 3.588440447011009837e-07 6.385456607915784843e-10 1.346573785809823676e-08 6.641517558136911248e-09 4.705233092039406984e-09 4.220843008440056110e-09 3.654407221276301243e-09 3.864405462294939753e-09 1.201662103156309058e-09 7.010065861123848663e-10 3.493589861847112843e-10 1.438149821453293953e-09 3.724482944278406649e-09 1.573338626048581546e-08 1.507340530171319415e-08 1.868483145983645954e-11 3.539013526676626498e-11
1.764948365560469190e-01 8.696947786246267409e-02 6.259195797220229451e-07 1.818908490491821794e-07 7.237243027091722070e-09 1.871734089942123092e-08 2.002573218362613261e-09 3.278061599942816429e-09 8.794922568000629326e-09 1.653564651871164415e-08 5.049640705578894995e-10 7.008806868213923735e-09 2.411459920637071264e-10 4.104061535059599919e-10 8.937630635585946948e-10 1.946910854755401488e-09 1.231434509918472031e-08 1.870137015247408385e-07 4.449929313921074936e-11 1.513678071773938427e-11
1.237192113097967949e-01 7.900749734446321781e-07 6.359119001375646008e-07 1.911839253576630426e-08 1.442513664073885593e-08 1.942736027604752280e-08 6.375481198528376581e-08 1.611412525637234694e-08 2.470256632580714040e-08 2.981934699164412450e-09 1.216477363286116997e-09 5.374349854037063778e-10 8.973397358502666066e-09 2.415733835192668266e-09 3.179742469328061816e-09 1.823480921814280009e-09 4.142730603007294121e-11 6.296443777475957404e-08 9.711564885606094322e-12 3.924416347445003339e-11
3.727868576346882179e-03 1.665977433784604500e-08 2.171392514682679575e-07 3.226308864512361652e-08 1.068611807930608393e-07 7.616061781234861883e-09 7.550164282665861037e-08 3.175299956303945237e-08 6.239635774729634932e-08 3.768605649767664545e-09 2.265700638215406570e-08 2.274267441038091420e-09 1.834522755927991966e-09 4.355005245315624052e-11 4.099669492774182800e-10 8.730889344832348797e-09 1.448586918195715612e-07 3.960951654446986936e-07 3.248823432500103081e-11 1.066258192850000341e-11
2.635933360473075027e-08 1.032182872506837157e-08 5.437569472466208254e-08 7.999265405622679737e-08 2.487119069582988118e-07 4.025050848177613716e-08 9.075053364338003803e-08 5.466356045591425072e-08 1.342162314621475616e-08 6.628486781679043816e-08 1.422579387622135982e-08 6.445852740455393359e-09 5.816446524420371134e-08 2.621336481212210856e-09 7.684963776455333573e-13 2.304175927836382698e-08 2.449806102422513732e-08 5.440401462664112842e-09 1.336575294885733456e-11 4.044098389499595214e-12
7.175238195822331022e-07 2.202122481032020573e-07 3.617849797521444088e-09 1.019490961651214889e-07 3.565956050444185621e-07 1.064678056827972341e-08 1.125692872250283472e-08 1.279003779552922992e-07 2.648422992024279665e-08 3.269130743888126744e-09 9.753237673049142131e-08 1.694763015480660329e-07 8.460490996675673614e-08 2.488975969772155850e-08 1.030657825751291057e-08 5.158272631256011209e-08 2.853917724365828690e-08 5.387770229958732671e-10 4.770339678827895113e-11 8.799627693178990739e-12
2.596030017620876151e-07 2.553154284656855566e-07 1.433546954476838664e-07 4.351713678296675880e-08 3.235328931427972066e-07 1.254373472869829698e-07 5.309863108093892947e-07 1.089998947767512050e-07 1.876275101952984414e-08 6.406939012659762511e-08 5.174404632546369953e-07 7.340433216818098572e-08 1.152822277639131698e-07 4.267996400741935759e-09 3.894660594028209744e-09 2.323857073438517773e-08 5.759073029576455838e-08 2.353028882851049275e-11 5.447198248020868050e-11 1.066258192850000341e-12
9.987515257048329431e-07 1.227518511837111248e-06 1.901694025585598524e-07 2.310718349995966037e-07 1.997447964807719245e-07 1.076818079148722518e-07 4.914979372383498912e-07 4.555946253592679795e-08 1.841721215534164457e-07 8.849909360897356692e-08 1.434522500787238641e-09 5.341581377216186866e-08 3.790533664727036012e-09 6.492120896428588139e-08 4.907037498558253219e-08 6.590501211434229845e-08 8.357520363544423958e-07 9.454459437563400570e-11 1.871081067861268821e-11 1.324274023772886721e-12
6.914049262007893049e-07 2.659812875505096486e-07 3.626714939475306210e-08 1.704070343722108305e-07 8.977897864026473940e-07 2.924382156543892108e-06 2.367851026363609890e-09 1.820760131554521877e-08 1.628132608400001402e-06 2.691130251974982457e-08 9.730832140064649138e-09 8.379539728764484607e-08 4.673868181370721686e-09 9.603191142293354687e-08 1.571202912220570624e-08 1.647480954991564772e-07 1.307084196433550005e-07 1.703504004524347692e-11 5.576827888376101328e-11 7.488942799227515934e-11
8.328204792462656769e-11 3.515417381638741290e-07 1.280894212918326502e-08 8.521199740263440958e-07 7.982230432190817737e-10 1.499866897347601480e-10 2.126054023943169113e-07 1.586524245311693448e-10 2.059730164205575420e-11 1.303266383700929509e-10 4.562643596273119329e-10 5.569633643176530313e-11 3.486541433339596097e-07 1.321629472528229599e-10 1.563301710305609049e-09 3.919074604841199516e-07 2.205546856259843480e-11 2.456159720054529316e-10 5.799938307404772786e-11 8.455858235834057268e-11
2.588622649568605993e-10 1.179571426868086803e-06 2.187812153664481229e-10 2.035149826440374454e-11 9.653700061562631163e-11 1.527777904186677915e-10 4.702238598497388011e-12 1.452882258945464855e-11 8.959499808725013281e-12 2.127782394722999015e-10 3.300137940698277816e-11 1.110342928711816057e-10 7.822076319996540406e-11 4.247342477725624121e-10 1.740947386252855722e-10 5.239411127178073002e-10 1.406121885594302512e-10 1.132804960946032224e-11 2.204525451077188336e-11 1.164623952831789211e-12
1.226574397605872946e-10 4.853450974451334332e-12 3.975131335209880490e-11 6.554201625874611636e-11 2.378852670403830416e-11 1.006239536138764379e-11 1.185807008141637198e-11 6.286904330465858948e-11 1.270938909669894201e-11 8.784084570834238548e-13 3.386180225106727448e-13 1.549729233829566510e-10 6.537526076044741785e-11 1.366506907629627676e-11 2.166371526612920206e-10 6.819811382285934087e-11 2.067812587824846560e-11 2.677569277409475035e-11 6.624700787938309077e-12 1.704414387404540321e-12
2.710496271873807927e-10 5.969003069594691624e-11 1.472182376005548576e-10 1.774469460258387699e-11 6.708922306586373452e-11 3.474776022471814940e-12 8.166356479932801449e-12 3.488986877187016944e-12 5.744960063225335034e-12 1.770694701974662166e-11 7.696332460227495176e-11 5.069322739359449770e-11 2.936206833226151502e-11 6.930189755394167150e-11 6.639355731863361143e-12 5.713429729325980588e-12 1.983413433492842159e-11 2.876587856803780596e-12 5.904166044956582482e-13 4.226974326115850999e-11
6.308220612538661953e-11 3.352162991632212652e-11 7.428502257766922412e-12 4.403810649478145933e-11 4.110534135293164582e-11 5.029443528314914147e-11 7.114642208705390658e-11 1.518496439700811607e-11 7.362999099314038176e-13 8.504308368628699100e-14 8.108624882652293309e-12 1.403632765573092911e-11 1.391775583670096239e-12 7.360778653264787863e-13 5.086464582859662187e-11 1.217248524199021631e-12 2.626787676263120375e-12 6.110156824945534026e-11 4.903188965954541345e-12 2.317257496997626731e-11
